0 0.0
1 0.11233333333333312
2 0.3114333333333332
3 0.45649523809523684
4 0.5589571428571418
5 0.632489682539683
6 0.682650793650794
7 0.7102634920634928
8 0.7524015928515931
9 0.7699114441114435
10 0.7897077048768218
11 0.8053958254937343
12 0.8126506700987339
13 0.8208438239349222
14 0.8243948730835737
15 0.8293443019439988
16 0.8308878159889196
17 0.8288904129358031
18 0.8244288324943622
19 0.8158093366595107
20 0.8058218987812605
21 0.8002582425213018
22 0.7971419580617045
23 0.7902128023075538
24 0.7901880406750522
25 0.7898773793022781
26 0.7868592286707926
27 0.7855101506424266
28 0.7831488135003497
29 0.7813568261646345
30 0.7760465488868735
31 0.7726249089910883
32 0.770332951613777
33 0.7638962008119988
34 0.7567607518281336
35 0.7534676976260835
36 0.748477494878937
37 0.7432526769152559
38 0.7342009595640664
39 0.7283761035416632
40 0.7233199650106013
41 0.7185328395052629
42 0.7162512309197597
43 0.711071116751462
44 0.7074291951106972
45 0.7070429519485604
46 0.7046938921538803
47 0.6989667007463244
48 0.6957414903093845
49 0.6941061126866808
50 0.690710484255681
51 0.6875983549647244
52 0.6835549502374194
53 0.67948200883745
54 0.6788743141283615
55 0.6774400960847794
56 0.673943026658421
57 0.6712616111609123
58 0.6669127342742551
59 0.6649913430420614
60 0.661808589177632
61 0.6564213376275857
62 0.6526955397492503
63 0.6505234895600969
64 0.6474319719819126
65 0.6445687712142525
66 0.6428289518223562
67 0.6395641339904405
68 0.636023860373211
69 0.6320162874325951
70 0.6279193690180953
71 0.624242140905388
72 0.6205144172811499
73 0.6172421082456108
74 0.6117352225594226
75 0.6071557852937693
76 0.6023210657016262
77 0.5989531522387975
78 0.5929719454120382
79 0.5888054247194077
80 0.5808903732813022
81 0.5746776868927058
82 0.569669094595987
83 0.564421156750219
84 0.558259030551806
85 0.5518074901807449
86 0.5465105933495168
87 0.5405318627975128
88 0.5338389905603308
89 0.5266793371559966
90 0.5181000569742504
91 0.5106654782073528
92 0.503228250119128
93 0.49605403668031345
94 0.4883981184943709
95 0.48170891773120056
96 0.4739650156516994
97 0.4687483885572903
98 0.4596180733064429
99 0.45180414442286404
100 0.445887056399203
101 0.4381775202938851
102 0.4319102560077518
103 0.42562713923384593
104 0.41930524107677186
105 0.4134231154997493
106 0.4066481318286572
107 0.40041393338227305
108 0.39576484615526303
109 0.3889962471154896
110 0.3813822437113434
111 0.37448332773464277
112 0.36895409490079717
113 0.36190390052162824
114 0.3548541867341541
115 0.3490093592515231
116 0.343279598701108
117 0.33649575473376375
118 0.3315810227562626
119 0.325970415516493
120 0.32002790014121063
121 0.31357898201878853
122 0.30701487255620535
123 0.30048789768150774
124 0.2953549242436759
125 0.2901834128293109
126 0.285432174128618
127 0.28020170221665786
128 0.2750982111627663
129 0.2697608999937058
130 0.2652428452705946
131 0.260694160007606
132 0.25624509280389857
133 0.25126077094643595
134 0.2472129188580821
135 0.2425260875975309
136 0.23888231778300853
137 0.23448252930721555
138 0.2307332646554963
139 0.22586435287581919
140 0.22141489951412574
141 0.2175630565658956
142 0.21394439028879467
143 0.2097752135266862
144 0.20676483508717797
145 0.20306882306577342
146 0.19906489294017293
147 0.19482132649449213
148 0.19143354290082612
149 0.18767254330312558
150 0.18410952713005305
151 0.17998626675478727
152 0.17658013468563424
153 0.17396617762970273
154 0.17048959353934068
155 0.1677802358702552
156 0.1646913883844204
157 0.16192601362664621
158 0.15886075298049968
159 0.15586228001864239
160 0.15362482936821834
161 0.15088396037213359
162 0.14833510073468925
163 0.14503929515082728
164 0.1420863575503396
165 0.13974949259050715
166 0.13703872225286576
167 0.13506063839581633
168 0.13253430935581048
169 0.13008842053890632
170 0.12780607870160604
171 0.1253221871076652
172 0.12316783039849287
173 0.1210141225785171
174 0.1188928824544717
175 0.11694541916907707
176 0.11485209411068024
177 0.11259410854735172
178 0.11014502004055589
179 0.10857281079247931
180 0.10626490961755668
181 0.10438717635481748
182 0.10257345131826075
183 0.10061575998613426
184 0.09895197979108544
185 0.09705323088809774
186 0.09538969884155131
187 0.09336632493990946
188 0.09212916346465622
189 0.0901154868400821
190 0.08861811951023274
191 0.08689316072152367
192 0.08538293469414159
193 0.0839820179934552
194 0.0821219842372667
195 0.08067039241039535
196 0.07935644851824089
197 0.07801801144720719
198 0.07688334790796097
199 0.07553338912919064
200 0.07428171816029941
201 0.07309157258208997
202 0.07170799974942746
203 0.0704340984699045
204 0.06946976612412613
205 0.0682734993370012
206 0.06671330562543884
207 0.06548400136811794
208 0.0644248986421508
209 0.06323368465596217
210 0.06218143610169144
211 0.06099319234984344
212 0.059777930716105154
213 0.05872793771830924
214 0.05764972537804842
215 0.05649450761460721
216 0.05544766571049002
217 0.05464541274589021
218 0.053651781500136844
219 0.052987780528514175
220 0.05188268558617475
221 0.0508322233642127
222 0.0499372979184125
223 0.049085799873070726
224 0.04832476150901124
225 0.04741666833726178
226 0.04650632588171653
227 0.045758475785194604
228 0.044996717048456036
229 0.044046625283937775
230 0.043489770675868844
231 0.042732533234859905
232 0.04190290717459023
233 0.041188625060535895
234 0.040504113131876116
235 0.03958446910866829
236 0.03896832754859546
237 0.038225790287188324
238 0.03751807288363368
239 0.036677002157137664
240 0.035978264110955616
241 0.0353133913785996
242 0.0346787625906425
243 0.03400307865432308
244 0.033423497097743574
245 0.03285385647229415
246 0.03223625579410365
247 0.0317656186789152
248 0.031147122779362928
249 0.03058435231676648
250 0.030030919832434524
251 0.029457115586894417
252 0.02883919434307166
253 0.028275039166670627
254 0.027742956907188168
255 0.027346315227029953
256 0.026893564170000363
257 0.026452871961515533
258 0.02593690075852732
259 0.025482126261923477
260 0.025091078129951136
261 0.0246424543265027
262 0.02422623874807726
263 0.023785374597018568
264 0.023453752116966042
265 0.023039325216074987
266 0.02266636824760314
267 0.022297605757950714
268 0.02182642243276174
269 0.02143135702494407
270 0.021009203497049343
271 0.02061433795487246
272 0.02033638825765785
273 0.019955590379477507
274 0.019581946490619617
275 0.019256127039349688
276 0.01888159794897388
277 0.0186606245906128
278 0.018401300548147145
279 0.018032416467158714
280 0.017748048538236902
281 0.017486271025049262
282 0.017151226893235342
283 0.016980637002175863
284 0.01667602250962194
285 0.0163939487676215
286 0.01606603914857746
287 0.01582167275086102
288 0.015624328838588965
289 0.015351425665805666
290 0.015171694820025429
291 0.014976957365241935
292 0.014748325598573997
293 0.014539115546216836
294 0.014302213368361742
295 0.014069123470908863
296 0.013897842640321458
297 0.01366420196469003
298 0.013511951039347313
299 0.013314673639167529
