0 0

1 0

2 0

3 0

4 0

5 0

6 0

7 0

8 0

9 0

10 0

11 0

12 0

13 0

14 0

15 0

16 0

17 0

18 0

19 0

20 0

21 0

22 0

23 1

24 3

25 3

26 1

27 5

28 11

29 13

30 17

31 27

32 48

33 66

34 65

35 87

36 121

37 152

38 196

39 203

40 274

41 275

42 329

43 377

44 413

45 448

46 404

47 426

48 466

49 465

50 499

51 489

52 469

53 436

54 400

55 378

56 333

57 293

58 272

59 247

60 234

61 173

62 139

63 144

64 118

65 94

66 86

67 62

68 49

69 39

70 36

71 27

72 28

73 12

74 8

75 8

76 8

77 8

78 6

79 4

80 2

81 2

82 0

83 1

