0 2500.2500250025
1 2327.876417641764
2 1999.257315731573
3 1729.27600760076
4 1516.5285528552856
5 1342.9681568156816
6 1205.1462646264627
7 1084.6272427242725
8 975.8591559155916
9 887.8636263626363
10 800.5512251225123
11 728.5694269426942
12 669.4514751475148
13 618.2887888788879
14 570.3602260226022
15 526.7164816481649
16 484.93702370237025
17 452.0959595959596
18 411.8446544654465
19 383.13268326832684
20 356.1980898089809
21 328.6978297829783
22 311.7868686868687
23 293.75572557255725
24 275.0189418941894
25 256.45730573057307
26 245.53418341834183
27 233.87230723072307
28 219.57756775677566
29 207.54707470747076
30 196.7003100310031
31 187.12827282728273
32 176.25570557055707
33 166.00120012001202
34 156.94971497149714
35 150.66960696069606
36 142.0022602260226
37 133.39231923192318
38 126.88619861986199
39 118.37537753775378
40 114.48195819581959
41 109.13627362736274
42 106.9055105510551
43 100.6901490149015
44 98.62680268026803
45 93.8092809280928
46 90.30920092009201
47 86.16181618161816
48 83.42145214521452
49 79.29514951495149
50 76.12079207920792
51 74.08437843784378
52 71.55717571757175
53 68.7992599259926
54 67.69026902690268
55 64.8937193719372
56 63.138233823382336
57 60.54206420642064
58 58.826632663266324
59 55.53280328032803
60 53.93152315231523
61 51.30755075507551
62 49.60919091909191
63 48.27916791679168
64 46.688428842884285
65 45.91439143914391
66 44.242564256425645
67 42.97555755575558
68 41.37024702470247
69 40.816841684168416
70 39.872217221722174
71 38.843634363436344
72 38.02348234823482
73 36.32477247724773
74 35.58533853385339
75 34.284028402840285
76 32.794139413941394
77 32.145574557455745
78 31.308020802080208
79 30.445154515451545
80 29.502720272027204
81 28.809060906090608
82 28.28787878787879
83 27.733753375337535
84 27.201050105010502
85 26.14173417341734
86 25.293329332933293
87 25.437373737373736
88 24.81963196319632
89 24.234863486348633
90 23.93026302630263
91 23.707020702070206
92 22.99080908090809
93 22.27133713371337
94 21.945004500450047
95 21.238453845384537
96 20.71990199019902
97 20.3992599259926
98 19.383418341834183
99 18.88814881488149
100 18.76779677967797
101 18.245774577457745
102 17.873587358735875
103 17.327192719271928
104 16.955095509550954
105 16.59257925792579
106 16.241854185418543
107 15.474097409740974
108 15.165596559655965
109 15.064286428642864
110 14.604050405040503
111 14.025502550255025
112 13.8005700570057
113 13.66101610161016
114 13.42092209220922
115 13.14067406740674
116 12.742714271427143
117 12.603790379037903
118 12.498959895989598
119 12.296829682968298
120 11.873027302730273
121 11.553085308530854
122 11.331213121312132
123 11.188878887888789
124 11.192529252925292
125 10.96040604060406
126 10.663496349634963
127 10.246624662466246
128 10.158485848584858
129 9.838023802380238
130 9.376887688768877
131 9.412561256125613
132 9.217621762176218
133 9.11941194119412
134 8.959005900590059
135 8.832863286328633
136 8.654045404540454
137 8.462516251625162
138 8.388768876887688
139 8.338803880388038
140 8.223392339233923
141 7.935063506350635
142 7.844534453445345
143 7.744804480448045
144 7.634363436343635
145 7.5214821482148215
146 7.445704570457046
147 7.353555355535554
148 7.227552755275528
149 7.065566556655665
150 7.000890089008901
151 6.973547354735474
152 6.8175417541754175
153 6.690579057905791
154 6.5541254125412545
155 6.384018401840184
156 6.347394739473947
157 6.221572157215721
158 6.11012101210121
159 6.057765776577658
160 5.938383838383839
161 5.906660666066607
162 5.832043204320432
163 5.71977197719772
164 5.577457745774577
165 5.496149614961496
166 5.4605460546054605
167 5.368576857685769
168 5.264106410641064
169 5.2367736773677365
170 5.158675867586759
171 5.102990299029903
172 4.992069206920692
173 4.9413841384138415
174 4.911001100110011
175 4.846024602460246
176 4.793859385938594
177 4.708870887088709
178 4.630873087308731
179 4.583878387838784
180 4.503750375037503
181 4.456065606560656
182 4.423122312231223
183 4.346534653465347
184 4.277047704770477
185 4.210951095109511
186 4.164156415641564
187 4.121582158215822
188 4.061106110611061
189 4.032273227322732
190 3.9742774277427744
191 3.923302330233023
192 3.885778577857786
193 3.8602860286028604
194 3.8245424542454245
195 3.794059405940594
196 3.7755775577557755
197 3.734913491349135
198 3.676187618761876
199 3.626952695269527
200 3.604290429042904
201 3.562926292629263
202 3.50970097009701
203 3.482988298829883
204 3.448204820482048
205 3.427972797279728
206 3.401010101010101
207 3.378427842784278
208 3.3504450445044505
209 3.329032903290329
210 3.2947494749474946
211 3.2576757675767576
212 3.227852785278528
213 3.1686468646864685
214 3.1542954295429544
215 3.1322032203220322
216 3.115141514151415
217 3.1078107810781077
218 3.08030803080308
219 3.06006600660066
220 3.0387238723872385
221 3.0241624162416243
222 3.0124012401240123
223 2.988998899889989
224 2.973687368736874
225 2.943874387438744
226 2.9252225222522252
227 2.901940194019402
228 2.891889188918892
229 2.879007900790079
230 2.8655965596559656
231 2.853925392539254
232 2.837863786378638
233 2.8285028502850285
234 2.8127312731273126
235 2.7936493649364937
236 2.765866586658666
237 2.7475347534753474
238 2.7264226422642266
239 2.706910691069107
240 2.686028602860286
241 2.677967796779678
242 2.6661066106610662
243 2.653035303530353
244 2.6393739373937395
245 2.6304730473047306
246 2.6191219121912193
247 2.6133113311331133
248 2.6042804280428045
249 2.5923192319231925
250 2.5850885088508853
251 2.5757375737573756
252 2.5673167316731673
253 2.5615561556155617
254 2.554345434543454
255 2.5507650765076506
256 2.545834583458346
257 2.540904090409041
258 2.5375737573757378
259 2.531633163316332
260 2.526982698269827
261 2.5234723472347236
262 2.5146914691469147
263 2.5083008300830083
264 2.5034503450345036
265 2.4997299729973
266 2.4944194419441943
267 2.486928692869287
268 2.483978397839784
269 2.474027402740274
270 2.471007100710071
271 2.467036703670367
272 2.4613061306130612
273 2.4534953495349536
274 2.45010501050105
275 2.45008500850085
276 2.446004600460046
277 2.442204220422042
278 2.4401840184018404
279 2.4341634163416344
280 2.4307730773077307
281 2.4293529352935295
282 2.424022402240224
283 2.421802180218022
284 2.4197119711971196
285 2.415041504150415
286 2.4087408740874086
287 2.4063506350635064
288 2.4046004600460047
289 2.402960296029603
290 2.397809780978098
291 2.396909690969097
292 2.392169216921692
293 2.39024902490249
294 2.389038903890389
295 2.3894289428942894
296 2.3862386238623863
297 2.3816381638163815
298 2.3804480448044805
299 2.3784478447844783
