0 0.0
1 0.11233333333333312
2 0.3114333333333332
3 0.45649523809523684
4 0.5589571428571418
5 0.632489682539683
6 0.682650793650794
7 0.7102634920634928
8 0.7524015928515931
9 0.7699114441114435
10 0.7897077048768218
11 0.8053958254937343
12 0.8126506700987339
13 0.8208438239349222
14 0.8243948730835737
15 0.8293443019439988
16 0.8308878159889196
17 0.8288904129358031
18 0.8244288324943622
19 0.8158093366595107
20 0.8058218987812605
21 0.8002582425213018
22 0.7971419580617045
23 0.7902128023075538
24 0.7901880406750522
25 0.7874170570431762
26 0.7803929445327151
27 0.77776733721309
28 0.7740639132238715
29 0.7715063951222115
30 0.7678975355132234
31 0.7652768488515573
32 0.7590996050361938
33 0.7551051159248091
34 0.7492849601444281
35 0.7478785553559112
36 0.7426188578070517
37 0.7386905146448632
38 0.7357618986681815
39 0.7328818911922435
40 0.728437065832065
41 0.7255706634869592
42 0.7232746951309885
43 0.7214390147867268
44 0.7148267073472757
45 0.7120484483386498
46 0.7068080879754297
47 0.6978795907259333
48 0.6936290170960593
49 0.689160330916529
50 0.6839392466230726
51 0.6779474969005143
52 0.6735950474457687
53 0.6651581888754549
54 0.6569085041636321
55 0.647923690925576
56 0.638982234250352
57 0.6297454588381436
58 0.6201281372852411
59 0.6111508276883943
60 0.6023147898142219
61 0.5946122718206245
62 0.5873748812859757
63 0.576451611484561
64 0.5661004714604692
65 0.5547972525411726
66 0.5414270475827364
67 0.5282139459728302
68 0.5168251179649462
69 0.5079720073603996
70 0.49950068634759603
71 0.4861288994017066
72 0.47479948236158415
73 0.46190318133731745
74 0.45083783420719387
75 0.4411229181791259
76 0.4313141252670338
77 0.419577906721329
78 0.4103442743752189
79 0.40036581355051803
80 0.39184053722900686
81 0.38346019036636825
82 0.3709121970549342
83 0.3629850143354569
84 0.35351179924379317
85 0.34418082879103384
86 0.33408458900267474
87 0.3262014220148926
88 0.31673980547260533
89 0.30916803105071033
90 0.3017313963125024
91 0.29495292159131037
92 0.2878699332011337
93 0.2819264926176357
94 0.27340967770383556
95 0.26690411220158716
96 0.2608972562307772
97 0.2537640297154159
98 0.2477676129049835
99 0.24037023737690713
100 0.23398771614354036
101 0.22670385851481445
102 0.220760384073768
103 0.21338729504511247
104 0.20629991353647698
105 0.2007585266923982
106 0.1963703939188459
107 0.19178345575207958
108 0.18766959878649828
109 0.18260672512515086
110 0.1788101950042521
111 0.17473507292290652
112 0.17042674905175145
113 0.1659607084892288
114 0.16209971301803042
115 0.15800594742760202
116 0.15443478268728214
117 0.15118051870631716
118 0.14730924098114928
119 0.1451492732887075
120 0.14179048931956698
121 0.1388037998448565
122 0.13638713874259778
123 0.13308919412477593
124 0.13035876043454814
125 0.12822385427933136
126 0.12460792676124369
127 0.12104884188036796
128 0.11802248822260025
129 0.11505706053972835
130 0.11218075921531268
131 0.11036733248352765
132 0.10777295839284849
133 0.10450505247695419
134 0.10170670980540172
135 0.09940973739429494
136 0.0973381589476459
137 0.0943730318654846
138 0.09243886186033892
139 0.08969460099078976
140 0.0878306401848709
141 0.0854883634576257
142 0.08382209077983646
143 0.08168664281281748
144 0.07934761724729478
145 0.07728552808837624
146 0.07546894014751325
147 0.07363514577539232
148 0.07195489072659259
149 0.06993344541584028
150 0.06809616334945777
151 0.06664332258244837
152 0.06411779956653275
153 0.06222083912375565
154 0.06057217948395921
155 0.05914795508579612
156 0.057468635319617684
157 0.05553426902033858
158 0.05413337418835285
159 0.051980963698179325
160 0.050617313153161335
161 0.04895209835993027
162 0.04783719083624811
163 0.046013371457751966
164 0.04429609102553097
165 0.0434106596496593
166 0.041836423254908064
167 0.040621468184969145
168 0.03962283882790192
169 0.03896989206504984
170 0.03784912326759054
171 0.03666892703494705
172 0.03568762178314166
173 0.034416437827054745
174 0.03329290702285041
175 0.032438012820981334
176 0.03150562821660123
177 0.030414918865261598
178 0.029763073596780588
179 0.028813159079594298
180 0.028186893997613777
181 0.027227456607587457
182 0.026434817841894293
183 0.025624139334378453
184 0.025144510129596967
185 0.024400237843997245
186 0.023451409359381767
187 0.023081137745285182
188 0.022458263654171123
189 0.021898273548083814
190 0.02122689843707747
191 0.02046328193793408
192 0.019924173357778015
193 0.019160283861656476
194 0.018902478113295887
195 0.0182633014447686
196 0.0176356982940495
197 0.01720955020663416
198 0.01653472267388281
199 0.01597845655485016
200 0.015493966266159117
201 0.015229580992287032
202 0.014694611790047062
203 0.014283154339029665
204 0.013668016602487256
205 0.013336653656926495
206 0.013069271373930495
207 0.012660564458757078
208 0.012341054344825433
209 0.01210351309407043
210 0.011788281823679832
211 0.011471361518418224
212 0.011201084790636914
213 0.010784877051372436
214 0.010462312256328099
215 0.010239420146758509
216 0.009976788352423788
217 0.00963312128489201
218 0.009373032382259783
219 0.009283078993813925
220 0.009009528818374853
221 0.008780462810794839
222 0.008646606886046026
223 0.008415881306082822
224 0.008252556817353632
225 0.008112976714864979
226 0.008051023955215543
227 0.008008908225241244
228 0.00782302759633619
229 0.007733376057753691
230 0.00764420593626568
231 0.0075265620893002795
232 0.0074898157205614034
233 0.007324401993221629
234 0.007240854355149637
235 0.007151508011668234
236 0.0070850833861882305
237 0.0070338231391456315
238 0.006995350146128698
239 0.006974593227931082
240 0.006985349437997023
241 0.006947116897246663
242 0.006959527297327797
243 0.006910084159731045
244 0.006852742647570152
245 0.006894529771181807
246 0.006853250148630457
247 0.006736548590538924
248 0.006715443440683939
249 0.006717599230821516
250 0.006755672804698865
251 0.006748276532458469
252 0.006700259620037165
253 0.006733634545562644
254 0.006702187014719568
255 0.006709484609519992
256 0.006676083692859239
257 0.006643494587405885
258 0.006637853703832573
259 0.006614514028629596
260 0.006597826471316824
261 0.006580844285448123
262 0.006614777275368976
263 0.0065449157436949
264 0.006599272159375647
265 0.006657346077039643
266 0.006573711660392473
267 0.006592851450140786
268 0.006540103988983473
269 0.006559544507379148
270 0.006604894277525994
271 0.006586800302582555
272 0.006573231258184146
273 0.006553069022356143
274 0.0065738148935351876
275 0.006552197253118383
276 0.006514450234029927
277 0.00652720340870332
278 0.006532459077011504
279 0.006637682263422592
280 0.006650037436266321
281 0.0066321584259529985
282 0.006639366132626634
283 0.006583155058848726
284 0.006585337773243094
285 0.006682681186174241
286 0.006704778248853078
287 0.006622799161501425
288 0.006522892942256362
289 0.006614439528797771
290 0.006604409604452217
291 0.00656024476792149
292 0.006509858970159773
293 0.006510773925586635
294 0.006598212274806806
295 0.006540043115206869
296 0.006564496683362062
297 0.0066058360315087074
298 0.006652970953086066
299 0.006703080545583653
