0 0

1 0

2 0

3 0

4 0

5 0

6 0

7 0

8 0

9 0

10 0

11 0

12 0

13 0

14 0

15 0

16 0

17 0

18 0

19 0

20 3

21 0

22 3

23 5

24 13

25 9

26 19

27 25

28 35

29 31

30 58

31 66

32 71

33 83

34 124

35 150

36 167

37 180

38 246

39 238

40 247

41 316

42 341

43 338

44 342

45 367

46 373

47 404

48 378

49 436

50 390

51 373

52 363

53 331

54 369

55 345

56 269

57 277

58 253

59 242

60 237

61 206

62 173

63 179

64 147

65 116

66 108

67 86

68 76

69 72

70 60

71 44

72 37

73 25

74 26

75 22

76 14

77 17

78 12

79 10

80 9

81 5

82 11

83 5

84 8

85 5

86 1

87 0

88 1

89 1

90 2

91 1

92 1

93 0

94 0

95 0

96 0

97 1

98 0

99 1
