0 1.8999099909991
1 1.8986998699869988
2 1.8982298229822983
3 1.8985498549854984
4 1.8995599559955996
5 1.9020802080208021
6 1.9053805380538054
7 1.9103210321032102
8 1.9204020402040205
9 1.931053105310531
10 1.9445644564456446
11 1.9587158715871587
12 1.9757375737573757
13 1.993809380938094
14 2.1085008500850084
15 2.2174617461746173
16 2.2382938293829384
17 2.259135913591359
18 2.2762976297629764
19 2.2102810281028105
20 2.306830683068307
21 2.4013701370137013
22 2.413981398139814
23 2.425082508250825
24 2.434893489348935
25 2.5332733273327332
26 2.538273827382738
27 2.48003800380038
28 2.430883088308831
29 2.4395539553955397
30 2.440854085408541
31 2.4985498549854985
32 2.4491649164916494
33 2.4546654665466545
34 2.513591359135914
35 2.5163016301630163
36 2.561016101610161
37 2.5612361236123613
38 2.5579157915791577
39 2.511671167116712
40 2.5146414641464148
41 2.517971797179718
42 2.555325532553255
43 2.5563556355635564
44 2.588298829882988
45 2.5865986598659867
46 2.5851685168516854
47 2.5815681568156816
48 2.579257925792579
49 2.578887888788879
50 2.5797779777977796
51 2.5821882188218823
52 2.5842584258425845
53 2.582998299829983
54 2.6044904490449046
55 2.602870287028703
56 2.599039903990399
57 2.597209720972097
58 2.5904390439043903
59 2.613771377137714
60 2.61011101110111
61 2.6265126512651267
62 2.623832383238324
63 2.6194019401940194
64 2.618031803180318
65 2.6180618061806182
66 2.6135113511351133
67 2.613721372137214
68 2.6117011701170116
69 2.6112011201120113
70 2.61019101910191
71 2.6078107810781077
72 2.606770677067707
73 2.5913791379137914
74 2.590959095909591
75 2.58999899989999
76 2.5904990499049907
77 2.5914691469146915
78 2.5904090409040905
79 2.5915991599159915
80 2.5906390639063908
81 2.59016901690169
82 2.5916691669166916
83 2.5914591459145915
84 2.591279127912791
85 2.5922992299229923
86 2.5801380138013803
87 2.5794279427942794
88 2.59014901490149
89 2.5884488448844882
90 2.5882888288828885
91 2.5876487648764877
92 2.58978897889789
93 2.5896489648964898
94 2.5901990199019904
95 2.5918791879187917
96 2.6022102210221023
97 2.6088008800880087
98 2.609070907090709
99 2.605030503050305
100 2.6061106110611063
101 2.6093709370937095
102 2.608200820082008
103 2.6032203220322034
104 2.604100410041004
105 2.6033603360336035
106 2.6027002700270025
107 2.6015001500150015
108 2.6086008600860087
109 2.6086708670867087
110 2.6097809780978096
111 2.60983098309831
112 2.602110211021102
113 2.610861086108611
114 2.6103510351035104
115 2.611081108110811
116 2.6105910591059107
117 2.6107610761076105
118 2.6114911491149115
119 2.612301230123012
120 2.611371137113711
121 2.6116811681168115
122 2.6126812681268126
123 2.611961196119612
124 2.6121812181218123
125 2.6115011501150116
126 2.6138113811381136
127 2.611871187118712
128 2.6137613761376137
129 2.613881388138814
130 2.613101310131013
131 2.6145714571457144
132 2.613651365136514
133 2.6125712571257127
134 2.6143214321432144
135 2.6143114311431144
136 2.613121312131213
137 2.611961196119612
138 2.6142614261426145
139 2.6133413341334135
140 2.6115611561156116
141 2.6114511451145113
142 2.6152815281528152
143 2.6137613761376137
144 2.609330933093309
145 2.6078107810781077
146 2.613061306130613
147 2.612991299129913
148 2.612811281128113
149 2.6155815581558155
150 2.6135313531353135
151 2.6123812381238123
152 2.6144214421442142
153 2.615081508150815
154 2.615691569156916
155 2.6152915291529153
156 2.6186218621862185
157 2.615861586158616
158 2.618021802180218
159 2.6182118211821184
160 2.6185818581858187
161 2.6181318131813183
162 2.617241724172417
163 2.613841384138414
164 2.6124612461246124
165 2.611041104110411
166 2.6123112311231123
167 2.612781278127813
168 2.6136613661366135
169 2.613841384138414
170 2.612231223122312
171 2.608840884088409
172 2.6096009600960097
173 2.6076807680768077
174 2.6105510551055104
175 2.6081708170817084
176 2.6087908790879086
177 2.6095509550955094
178 2.606920692069207
179 2.6078007800780076
180 2.608140814081408
181 2.6083208320832085
182 2.6104310431043105
183 2.6112711271127114
184 2.614641464146415
185 2.613651365136514
186 2.618051805180518
187 2.6195119511951197
188 2.618931893189319
189 2.627062706270627
190 2.6257625762576255
191 2.6273927392739274
192 2.6253925392539252
193 2.6205220522052204
194 2.6235523552355238
195 2.6263426342634264
196 2.6273927392739274
197 2.626222622262226
198 2.627072707270727
199 2.628882888288829
200 2.629352935293529
201 2.628352835283528
202 2.6290329032903292
203 2.6264926492649265
204 2.6266026602660264
205 2.6274227422742276
206 2.6274527452745273
207 2.627372737273727
208 2.629282928292829
209 2.6314531453145316
210 2.634043404340434
211 2.6332833283328334
212 2.6347734773477347
213 2.635173517351735
214 2.6317231723172316
215 2.6317131713171316
216 2.632873287328733
217 2.6343234323432343
218 2.6332733273327333
219 2.632243224322432
220 2.635103510351035
221 2.637213721372137
222 2.6355535553555356
223 2.637083708370837
224 2.6365036503650363
225 2.6384838483848383
226 2.6385638563856384
227 2.6354435443544353
228 2.6375337533753376
229 2.635933593359336
230 2.6355935593559354
231 2.634663466346635
232 2.634163416341634
233 2.6363436343634365
234 2.634923492349235
235 2.6353135313531353
236 2.6354235423542356
237 2.6386338633863384
238 2.6394539453945396
239 2.6385438543854387
240 2.6367336733673366
241 2.636153615361536
242 2.6346834683468345
243 2.6337633763376336
244 2.6363936393639364
245 2.6353735373537353
246 2.6373237323732375
247 2.6357535753575356
248 2.6384338433843384
249 2.637123712371237
250 2.6384838483848383
251 2.6395239523952396
252 2.641924192419242
253 2.63997399739974
254 2.6405340534053408
255 2.6393539353935394
256 2.6392839283928393
257 2.63990399039904
258 2.642044204420442
259 2.6382238223822383
260 2.6375937593759375
261 2.6376637663766376
262 2.636863686368637
263 2.636793679367937
264 2.6363936393639364
265 2.636973697369737
266 2.636993699369937
267 2.6366836683668367
268 2.6358335833583357
269 2.636873687368737
270 2.6335433543354334
271 2.6307330733073306
272 2.633093309330933
273 2.6341834183418342
274 2.632823282328233
275 2.633943394339434
276 2.633233323332333
277 2.6356435643564358
278 2.634983498349835
279 2.6337133713371337
280 2.633953395339534
281 2.633983398339834
282 2.6341234123412343
283 2.6344934493449346
284 2.6313831383138315
285 2.6363136313631363
286 2.6374037403740376
287 2.635963596359636
288 2.6333433343334334
289 2.632313231323132
290 2.633123312331233
291 2.633733373337334
292 2.631893189318932
293 2.632933293329333
294 2.6336333633363336
295 2.636293629362936
296 2.6355235523552354
297 2.636843684368437
298 2.6366836683668367
299 2.637023702370237
