0 2500.2500250025
1 2327.876417641764
2 1999.257315731573
3 1729.27600760076
4 1516.5285528552856
5 1342.9681568156816
6 1205.1462646264627
7 1084.6272427242725
8 975.8591559155916
9 887.8636263626363
10 800.5512251225123
11 728.5694269426942
12 669.4514751475148
13 618.2887888788879
14 570.3602260226022
15 526.7164816481649
16 484.93702370237025
17 452.0959595959596
18 411.8446544654465
19 383.13268326832684
20 356.1980898089809
21 328.6978297829783
22 311.7868686868687
23 293.75572557255725
24 275.0189418941894
25 258.51511151115113
26 244.1972097209721
27 224.5883788378838
28 215.41052105210522
29 200.28276827682768
30 191.40630063006301
31 180.7919291929193
32 172.5891489148915
33 164.33409340934094
34 154.63000300030004
35 147.4963896389639
36 137.63758375837583
37 131.75585558555855
38 126.81811181118111
39 120.02476247624763
40 114.76898689868987
41 112.6989398939894
42 106.6939493949395
43 101.55502550255025
44 96.24629462946295
45 92.21481148114812
46 87.30853085308532
47 84.22559255925593
48 79.61642164216421
49 77.65734573457345
50 75.898299829983
51 71.71388138813882
52 68.63462346234624
53 65.86817681768177
54 63.66909690969097
55 60.33729372937294
56 58.693339333933395
57 57.08482848284829
58 53.80707070707071
59 52.363826382638265
60 50.08971897189719
61 48.712941294129415
62 47.432233223322335
63 45.183838383838385
64 43.184798479847984
65 42.43030303030303
66 40.31986198619862
67 37.31283128312831
68 36.934753475347534
69 36.4962796279628
70 36.116571657165714
71 34.5955495549555
72 33.751545154515455
73 32.52088208820882
74 31.866056605660567
75 30.167296729672966
76 28.318731873187318
77 28.13075307530753
78 27.41085108510851
79 26.506060606060608
80 24.814651465146515
81 24.218451845184518
82 23.974857485748576
83 23.047964796479647
84 22.39171917191719
85 21.854865486548654
86 21.351205120512052
87 20.297749774977497
88 19.704330433043303
89 19.30868086808681
90 19.218031803180317
91 18.676797679767976
92 18.38828882888289
93 18.015631563156315
94 17.31153115311531
95 16.623122312231224
96 15.975907590759077
97 15.437263726372636
98 15.135103510351035
99 14.678427842784279
100 14.216051605160516
101 13.98041804180418
102 13.535843584358435
103 12.555095509550956
104 12.345114511451145
105 11.83062306230623
106 11.376577657765777
107 11.191969196919691
108 10.980338033803381
109 10.737183718371837
110 10.548224822482249
111 10.26055605560556
112 9.955485548554856
113 9.646634663466347
114 9.254125412541255
115 9.082738273827383
116 8.93939393939394
117 8.677587758775877
118 8.487498749874987
119 8.336183618361837
120 8.275687568756876
121 8.084598459845985
122 7.967256725672567
123 7.721382138213821
124 7.506920692069207
125 7.318441844184418
126 7.1085708570857085
127 6.886238623862386
128 6.759595959595959
129 6.58052805280528
130 6.490599059905991
131 6.333893389338934
132 6.263646364636464
133 6.130793079307931
134 6.04030403040304
135 5.939633963396339
136 5.827432743274327
137 5.765236523652365
138 5.625942594259426
139 5.4758775877587755
140 5.4094009400940095
141 5.264946494649465
142 5.218221822182218
143 5.1705670567056705
144 5.124102410241024
145 4.982418241824182
146 4.9281728172817285
147 4.833383338333833
148 4.74005400540054
149 4.64973497349735
150 4.566686668666867
151 4.487108710871087
152 4.419421942194219
153 4.352405240524052
154 4.3107910791079105
155 4.225662566256625
156 4.16967696769677
157 4.107430743074308
158 4.053145314531453
159 4.026452645264526
160 3.982948294829483
161 3.892879287928793
162 3.8114111411141116
163 3.731053105310531
164 3.6666166616661666
165 3.615331533153315
166 3.586058605860586
167 3.5445944594459444
168 3.5232623262326235
169 3.484798479847985
170 3.439013901390139
171 3.4168216821682167
172 3.3907890789078907
173 3.3574557455745575
174 3.3202820282028203
175 3.2963796379637964
176 3.24985498549855
177 3.211731173117312
178 3.1732573257325734
179 3.1454645464546456
180 3.1134113411341136
181 3.0791479147914793
182 3.0647864786478647
183 3.0493949394939492
184 3.0325332533253326
185 3.024342434243424
186 3.001850185018502
187 2.9845284528452845
188 2.9751875187518753
189 2.954015401540154
190 2.936963696369637
191 2.9166916691669167
192 2.8964596459645966
193 2.8725372537253726
194 2.8558255825582557
195 2.843334333433343
196 2.8255825582558254
197 2.814911491149115
198 2.8035203520352034
199 2.792999299929993
200 2.77978797879788
201 2.7697769776977696
202 2.7616461646164616
203 2.756135613561356
204 2.7454345434543455
205 2.7400540054005402
206 2.734943494349435
207 2.7305030503050305
208 2.726802680268027
209 2.724602460246025
210 2.721762176217622
211 2.7208820882088207
212 2.7183818381838183
213 2.7163316331633163
214 2.713691369136914
215 2.710861086108611
216 2.7094209420942095
217 2.707270727072707
218 2.704050405040504
219 2.705790579057906
220 2.7042404240424043
221 2.7062906290629063
222 2.7043304330433044
223 2.706210621062106
224 2.7035703570357037
225 2.702810281028103
226 2.7015301530153017
227 2.6999699969997
228 2.7002100210021003
229 2.695889588958896
230 2.696169616961696
231 2.6977497749774977
232 2.6965696569656967
233 2.6954295429542956
234 2.6955595559555956
235 2.695299529952995
236 2.693129312931293
237 2.692969296929693
238 2.6915891589158916
239 2.6904990499049903
240 2.6926292629262925
241 2.6914191419141913
242 2.692949294929493
243 2.69008900890089
244 2.691199119911991
245 2.6927092709270926
246 2.68963896389639
247 2.690839083908391
248 2.689228922892289
249 2.6915191519151915
250 2.691339133913391
251 2.6905690569056904
252 2.6896089608960896
253 2.690829082908291
254 2.6917491749174918
255 2.6922092209220922
256 2.690969096909691
257 2.693249324932493
258 2.6918091809180917
259 2.6893289328932894
260 2.6895289528952895
261 2.6894589458945894
262 2.691029102910291
263 2.6894589458945894
264 2.6898289828982898
265 2.6902490249024904
266 2.6903790379037904
267 2.6894989498949893
268 2.69012901290129
269 2.6914091409140912
270 2.6906690669066906
271 2.6893989398939895
272 2.691269126912691
273 2.6895789578957894
274 2.690979097909791
275 2.6905990599059906
276 2.6899589958995898
277 2.688988898889889
278 2.689348934893489
279 2.69008900890089
280 2.686968696869687
281 2.6876987698769876
282 2.68976897689769
283 2.6909490949094907
284 2.689288928892889
285 2.6895389538953896
286 2.6883288328832884
287 2.68963896389639
288 2.689198919891989
289 2.69008900890089
290 2.6893289328932894
291 2.6881188118811883
292 2.68976897689769
293 2.6914291429142914
294 2.690629062906291
295 2.694239423942394
296 2.691959195919592
297 2.6922092209220922
298 2.6922992299229924
299 2.6922892289228924
