0 0.999
1 0.295351544167673
2 0.30165358782339885
3 0.3229397115587919
4 0.3411724491068055
5 0.3564474974262307
6 0.36493539113247103
7 0.3680258004071572
8 0.37073091779920586
9 0.36783079976078004
10 0.3660404833917632
11 0.3645476094749504
12 0.3606020198444719
13 0.34975055535790306
14 0.34315154156634403
15 0.33790642024532735
16 0.330676541200469
17 0.31789071406760006
18 0.30819457137095013
19 0.29924873834009813
20 0.28973435378857587
21 0.2801442648988258
22 0.2711629793982204
23 0.26163735955237233
24 0.25177874413692425
25 0.2398770780411946
26 0.23056696160952206
27 0.22214644967329158
28 0.21312103322978204
29 0.20366154654176324
30 0.19553641822571147
31 0.187363734115597
32 0.1791060291818857
33 0.17060745226078075
34 0.1620632943856024
35 0.15544613260700285
36 0.1470962944213089
37 0.13934604609842463
38 0.13235060238538254
39 0.12570490764158715
40 0.11864142944102901
41 0.11230024992561542
42 0.10583245360342027
43 0.10007398472992866
44 0.09438385677864881
45 0.08909606471651282
46 0.08393124963242123
47 0.07882378308082265
48 0.0739933814390309
49 0.06927475917167142
50 0.06480922354525882
51 0.060088866532010524
52 0.056323779486048046
53 0.053187623931330655
54 0.049543371461997165
55 0.046481012547733465
56 0.04340619937758132
57 0.04052997069786905
58 0.03770401948938406
59 0.0351236001742673
60 0.032234595471495736
61 0.02987922160683902
62 0.02790863976537291
63 0.026035444024631805
64 0.024189870756115874
65 0.02257863250298188
66 0.020922837743105095
67 0.019548333384650275
68 0.018371475250003145
69 0.017094468211576182
70 0.01612242489301397
71 0.01511979343418127
72 0.014412321855193994
73 0.013721946630493625
74 0.013109935642762225
75 0.012542738171908815
76 0.011712036045634287
77 0.011322765023907
78 0.010706150765683762
79 0.010104769893518944
80 0.00974847966810619
81 0.009481250538524139
82 0.009273773183418679
83 0.008966549050735014
84 0.008662630470489143
85 0.008435787484800271
86 0.00833719245445888
87 0.008187817633892069
88 0.008030395870466287
89 0.007933074562938153
90 0.007770558614966507
91 0.007712767169871881
92 0.007744772918369206
93 0.007685423785231171
94 0.0075322029637370285
95 0.007479170881394041
96 0.00741466935917589
97 0.007404352260623166
98 0.007396512529417684
99 0.0073500220701133
100 0.007235101219100854
101 0.007203706736829264
102 0.0071573683996904265
103 0.007102673815669705
104 0.007095802687213657
105 0.007073654414501733
106 0.0071335878453513855
107 0.007208751243429844
108 0.007224644848756478
109 0.0072090110671475145
110 0.007135766053604134
111 0.00701252085199321
112 0.007043727444495797
113 0.006967864139007485
114 0.00697666639931839
115 0.006940844811024356
116 0.006987117246864288
117 0.006948009298623287
118 0.006939309197132047
119 0.00688673831206163
120 0.0069255427264865955
121 0.006871692658484552
122 0.006901246400252707
123 0.006924469454011584
124 0.006855080668467852
125 0.0067918049725639515
126 0.006796503109234605
127 0.006826667827253213
128 0.006839567388303633
129 0.006812525457018878
130 0.006801284295595753
131 0.006781113889374429
132 0.006817718842097237
133 0.006800268646616692
134 0.00667198404506173
135 0.00681314123322884
136 0.0066893212533762235
137 0.00684623192602137
138 0.006781348852284088
139 0.0067963873270375265
140 0.006749860078117471
141 0.006801053355885535
142 0.006781022490860205
143 0.006797513872325971
144 0.006810533249664005
145 0.006748577830064739
146 0.0067548633273122475
147 0.0067163166227728185
148 0.006726821416103429
149 0.006762231689925046
150 0.006722597647461569
151 0.00673438760034699
152 0.006714803439026467
153 0.006758267931736833
154 0.0068199338962946585
155 0.006795903616757531
156 0.006714037195895013
157 0.006788488102100728
158 0.006821371265112494
159 0.006772263556869373
160 0.00673190036087211
161 0.006733567120920505
162 0.006739996012879332
163 0.006644911076429394
164 0.006658270666773883
165 0.006656457972211954
166 0.006680006893796185
167 0.006718612323998979
168 0.006678441125229648
169 0.0065946400428476765
170 0.0065548380882263025
171 0.006567729822895017
172 0.006583955086593268
173 0.006550525598743405
174 0.006568962999677847
175 0.006528738954120295
176 0.006460564053009133
177 0.0065193531316939555
178 0.006542140395888845
179 0.006630988938777417
180 0.006692411499452707
181 0.006652573779600039
182 0.00660014625993284
183 0.006501886566939347
184 0.006501221295874026
185 0.0064859227970862545
186 0.006543458833732074
187 0.006560415258779368
188 0.006541945912483465
189 0.006586727708477095
190 0.0066348196492190745
191 0.006564023586756373
192 0.0065567097343468906
193 0.006590855350856695
194 0.006569634510654672
195 0.006534340526571095
196 0.0065377892790777405
197 0.006549084547132277
198 0.006580705417797635
199 0.0066413294678054026
200 0.00666275765646655
201 0.006683623975431928
202 0.006707715703895955
203 0.0067167582755137244
204 0.0066757414563284895
205 0.006718565880248225
206 0.006694242232857432
207 0.006725785309398589
208 0.00673279790753172
209 0.006723509332915926
210 0.006717344480267317
211 0.006733933298151309
212 0.00675528015781936
213 0.006725849333783392
214 0.006640172981083763
215 0.0066837503820063775
216 0.006672594915686386
217 0.006576079365385421
218 0.006574134737675754
219 0.006555735614420197
220 0.006637499918907532
221 0.006618563488289419
222 0.006633223036374324
223 0.00664722765848065
224 0.006761179968543442
225 0.006713068033620152
226 0.0067336889940110105
227 0.006624597960490171
228 0.006693502351138095
229 0.006697045143506769
230 0.006661943364283116
231 0.006637686614669027
232 0.006737053026531225
233 0.006822960981271803
234 0.006808080905636183
235 0.00676533710403502
236 0.006775046100248737
237 0.006783340946588616
238 0.0067211887805264416
239 0.00679239856585476
240 0.006691209670159187
241 0.006680302617662497
242 0.006729806852262662
243 0.006690186813560302
244 0.006634972310326566
245 0.006669254734549748
246 0.006649928738505221
247 0.006698612726257297
248 0.00666820250923158
249 0.006741401340009669
250 0.0068614247153139215
251 0.006791293705804533
252 0.006750710400628357
253 0.006726081016057629
254 0.006692832853372003
255 0.0066724606444283465
256 0.0066429341888383795
257 0.006648955111785306
258 0.006718877826133876
259 0.006818281306646574
260 0.006737794174352388
261 0.0066671812372961605
262 0.006720713730670755
263 0.006645405294200925
264 0.006758765696869552
265 0.006776241671906589
266 0.006797717783291406
267 0.006766020909583003
268 0.006730249277392768
269 0.006829550197161817
270 0.006807337761084846
271 0.0067386887884632206
272 0.006712182517154496
273 0.006714994775338878
274 0.006736173358025019
275 0.006685094657540704
276 0.006807728801649804
277 0.006741938095068841
278 0.006798991775293807
279 0.006786949376054091
280 0.006739865863322188
281 0.006822631968809282
282 0.006771757877804972
283 0.006680329829747929
284 0.006694143611387523
285 0.00668687037053177
286 0.006633854459329189
287 0.006643165135185223
288 0.0065872832724756854
289 0.006552540463651385
290 0.006584804304889259
291 0.006594335280828535
292 0.006649658005098641
293 0.006627370852605736
294 0.0065956119817205585
295 0.006506527425337516
296 0.0065731741501071856
297 0.006632843503014569
298 0.006667451428306604
299 0.0066817851566006396
