0 0.999
1 0.23713972989249593
2 0.22697275947668993
3 0.23720614875275456
4 0.2469331124138977
5 0.2517773558716438
6 0.25524020930869046
7 0.2554879989698448
8 0.2576748986386233
9 0.2543501964379474
10 0.2551468517584782
11 0.2547526860837456
12 0.2540653322168374
13 0.24757512326562917
14 0.24493095693245612
15 0.2426550642959333
16 0.23981165477393396
17 0.2355416891700484
18 0.22990386345838854
19 0.22455174218352753
20 0.21711328073550487
21 0.21164287641595295
22 0.20655946672474457
23 0.20127388748883493
24 0.1961589942499734
25 0.1905324520949731
26 0.1849163813009642
27 0.17746810757905115
28 0.17129521843849274
29 0.16618093712694326
30 0.16017945052551885
31 0.15409523687066806
32 0.14852792400171122
33 0.14230321705188168
34 0.1365449110270586
35 0.13092082740173372
36 0.12533143451102058
37 0.11958447043451653
38 0.1143825216855852
39 0.1092360961678735
40 0.10413652429970492
41 0.09980723738849184
42 0.09524515763693128
43 0.09101356581872803
44 0.08718687507460926
45 0.08289843116153912
46 0.07889625404909274
47 0.07503266154490362
48 0.07127608186707196
49 0.06782037027299792
50 0.06425232697694214
51 0.061255863064560434
52 0.05820467267389337
53 0.05535888678344134
54 0.05287554578527851
55 0.0501414473561737
56 0.047604229547201636
57 0.04538056459962184
58 0.04325653257308931
59 0.04113262715260435
60 0.03923131507935938
61 0.037361871412899005
62 0.03574679587137539
63 0.033993248838386475
64 0.0325521981740953
65 0.030997517556295987
66 0.029666260346207406
67 0.028466132943891023
68 0.02713673333219182
69 0.026090428605822166
70 0.025069584125231945
71 0.024123331415808823
72 0.023199060334415322
73 0.02233679677771955
74 0.02162587427020754
75 0.020784548007857957
76 0.01995117093629472
77 0.01930638461670643
78 0.018760550177939744
79 0.01823870884214368
80 0.017695000261565806
81 0.01718306805664799
82 0.0167306048242835
83 0.016332415269488785
84 0.015828889634456906
85 0.01545770268599362
86 0.015167188506846913
87 0.014872417011332071
88 0.014557812846543996
89 0.014318861126718253
90 0.014029340852251033
91 0.013759586108038097
92 0.013562994167284449
93 0.013341622622208643
94 0.013136594875075418
95 0.012939352812718337
96 0.012792455629176374
97 0.012652693803106385
98 0.012543183664992677
99 0.01247956409844268
100 0.012324877118530916
101 0.012232056001189127
102 0.012087804198887137
103 0.01198825512720729
104 0.011956995402168533
105 0.011915651311233167
106 0.01188178332208001
107 0.011875666643935119
108 0.011804179475318383
109 0.011667432292325615
110 0.011606097757755169
111 0.011608690512725213
112 0.011557534867527025
113 0.011554200883439477
114 0.0115275258186972
115 0.01150886318307071
116 0.011479422787475657
117 0.011499970862326276
118 0.011439898322030092
119 0.011400338957085034
120 0.011432298884337189
121 0.011380972710680943
122 0.011355070931998197
123 0.011271505116400052
124 0.011255259170467121
125 0.011227862610210356
126 0.011193732663063193
127 0.011152560426446858
128 0.011136533985758451
129 0.011069112070287324
130 0.011077685054971741
131 0.01106366281999913
132 0.01107695963674657
133 0.011097875879608275
134 0.011105640352707226
135 0.011018103207796033
136 0.011017542917311577
137 0.01102709754190522
138 0.010983579768330563
139 0.010893782524221058
140 0.010873742959043683
141 0.010866561439028756
142 0.01092469267239591
143 0.010890107217196172
144 0.01087750754634936
145 0.01087777957584643
146 0.010847194964537928
147 0.010783267521370165
148 0.010793377016768873
149 0.010831377449806364
150 0.010805514845449333
151 0.010793868279952807
152 0.010786932581773843
153 0.010786404057317654
154 0.010790636463909988
155 0.010794179253340492
156 0.01076081032949505
157 0.010729085471822645
158 0.010776578073075473
159 0.010725868090830896
160 0.010697706241528092
161 0.010677548680584856
162 0.010662283674653562
163 0.010667997943406267
164 0.010650916613947507
165 0.010629658216508383
166 0.010618333500403183
167 0.010584187739284906
168 0.0105401266400082
169 0.010564765534935948
170 0.010642879202848754
171 0.010606050547616727
172 0.010665589026360603
173 0.010694996163732238
174 0.010643103703210057
175 0.01062997426014516
176 0.01063393046139413
177 0.010612563359450078
178 0.010608102873695263
179 0.010601681105216353
180 0.01060027622101461
181 0.010601892014354946
182 0.010612511539726926
183 0.010585111752017774
184 0.010573746066339517
185 0.01055722258006779
186 0.010548894675807049
187 0.010556909898632519
188 0.010591168944071864
189 0.010602092120665487
190 0.010599050792737805
191 0.010613453502413705
192 0.01058414012164776
193 0.01056773539304778
194 0.010557066635361016
195 0.010554479057864746
196 0.01051059761249664
197 0.010527116419868312
198 0.01050232039306955
199 0.010577639035277382
200 0.01055366269691185
201 0.01055363567191015
202 0.010543613463298547
203 0.01052698727345741
204 0.010486232024863817
205 0.010498662714996568
206 0.01050503813743272
207 0.010501209854721192
208 0.010563211456081224
209 0.01054072563946517
210 0.010557437845046874
211 0.010526001984856386
212 0.01051094401331932
213 0.010539080578152374
214 0.01047888857590824
215 0.010479446883096747
216 0.010438447795277797
217 0.010429144264051601
218 0.010439904836759353
219 0.010493275137558603
220 0.010491410786469601
221 0.010498426994465968
222 0.01045214806435614
223 0.010447999216985622
224 0.010459956391830227
225 0.010461928668658452
226 0.01044041977970021
227 0.010448563052363332
228 0.010491395160984766
229 0.010489924144406736
230 0.010462323259675872
231 0.010440224216173064
232 0.010462190101080723
233 0.010459581496910848
234 0.010504711402855119
235 0.010481157369357806
236 0.010487382723910818
237 0.010524276902336573
238 0.010525023138069191
239 0.010482602824338208
240 0.010468107539429486
241 0.010464168814035228
242 0.01046817803187345
243 0.010519140585313358
244 0.010557845827654908
245 0.010524653321773467
246 0.010535186892906947
247 0.01049857898155559
248 0.010459453120982318
249 0.010530440461849548
250 0.010495318910146522
251 0.010489470407576498
252 0.010517134803903054
253 0.0105125663707892
254 0.0105733053433222
255 0.010573098196360695
256 0.010585598285914481
257 0.010549272515756642
258 0.010552012095779583
259 0.010560545568129243
260 0.010518394527612569
261 0.01048405719723042
262 0.010451534717444505
263 0.01041052422783671
264 0.010441724942591992
265 0.010473703660723262
266 0.010416458758484574
267 0.01041753468509217
268 0.010410785480209704
269 0.010403112354582923
270 0.01039580834706192
271 0.010385722611125053
272 0.01035962974660935
273 0.01040887182708122
274 0.010414238811095296
275 0.010435510700341313
276 0.010440457524785519
277 0.010406766248103765
278 0.010362350918988454
279 0.0104095715488674
280 0.010384033391426371
281 0.010378992004192662
282 0.010440490523177267
283 0.010397309723206382
284 0.01039645593563519
285 0.010329505352448377
286 0.010327743158341444
287 0.010301077370111199
288 0.010284322037167158
289 0.010315178962626168
290 0.010353895860872007
291 0.010390370606131802
292 0.01042031237509317
293 0.010418065584110401
294 0.010418184171969864
295 0.010396561342925095
296 0.010361874191239793
297 0.010330547954592957
298 0.010351375501659918
299 0.010362442990065841
