0 1.8999099909991
1 1.8985398539853986
2 1.898019801980198
3 1.8977797779777978
4 1.8974197419741974
5 1.897009700970097
6 1.896899689968997
7 1.8967096709670968
8 1.8966896689668966
9 1.8971897189718971
10 1.8977497749774976
11 1.898929892989299
12 1.9013401340134013
13 1.9051205120512051
14 1.9093409340934093
15 1.914131413141314
16 1.9185118511851185
17 1.9244724472447245
18 1.9956695669566957
19 2.001260126012601
20 2.01018101810181
21 2.1485648564856485
22 2.1485448544854484
23 2.1543154315431545
24 2.1565156515651567
25 2.160956095609561
26 2.108760876087609
27 2.1182718271827183
28 2.183768376837684
29 2.185878587858786
30 2.1875087508750877
31 2.195369536953695
32 2.198769876987699
33 2.2415041504150417
34 2.243034303430343
35 2.2454745474547453
36 2.210941094109411
37 2.215011501150115
38 2.21992199219922
39 2.2212321232123213
40 2.2191719171917192
41 2.2214921492149213
42 2.2218121812181217
43 2.256915691569157
44 2.256945694569457
45 2.257925792579258
46 2.258835883588359
47 2.2596359635963594
48 2.2595159515951595
49 2.26006600660066
50 2.28007800780078
51 2.2783778377837782
52 2.274257425742574
53 2.275257525752575
54 2.273047304730473
55 2.268756875687569
56 2.266846684668467
57 2.267816781678168
58 2.2815281528152815
59 2.2793079307930793
60 2.2784778477847785
61 2.2424442444244423
62 2.240794079407941
63 2.257125712571257
64 2.2555755575557557
65 2.237263726372637
66 2.249144914491449
67 2.2478447844784477
68 2.246804680468047
69 2.2438843884388437
70 2.2464146414641464
71 2.2441544154415443
72 2.244144414441444
73 2.2438143814381437
74 2.2424742474247426
75 2.2447444744474447
76 2.2444144414441443
77 2.2365136513651365
78 2.237403740374037
79 2.2370837083708373
80 2.2466546654665467
81 2.246104610461046
82 2.256435643564356
83 2.2564156415641565
84 2.2563556355635566
85 2.2556955695569556
86 2.253895389538954
87 2.2658265826582658
88 2.2678067806780677
89 2.2775577557755775
90 2.2775677567756776
91 2.2767176717671767
92 2.2685068506850685
93 2.2694469446944696
94 2.271107110711071
95 2.270817081708171
96 2.2699169916991697
97 2.2716871687168716
98 2.2804480448044804
99 2.2798179817981796
100 2.279087908790879
101 2.2795079507950797
102 2.291169116911691
103 2.2895389538953896
104 2.29025902590259
105 2.28991899189919
106 2.291329132913291
107 2.2917191719171917
108 2.2912991299129915
109 2.291099109910991
110 2.2917791779177916
111 2.2905090509050905
112 2.290839083908391
113 2.2926292629262925
114 2.292959295929593
115 2.2906090609060907
116 2.2904990499049904
117 2.2912091209120913
118 2.2917691769176916
119 2.290839083908391
120 2.2922192219221924
121 2.290699069906991
122 2.2848484848484847
123 2.2843684368436845
124 2.283118311831183
125 2.2824882488248823
126 2.281938193819382
127 2.284168416841684
128 2.2822982298229824
129 2.281698169816982
130 2.289208920892089
131 2.2866886688668866
132 2.288288828882888
133 2.289068906890689
134 2.2866686668666865
135 2.2875987598759875
136 2.2815781578157814
137 2.284108410841084
138 2.285098509850985
139 2.286048604860486
140 2.2854585458545853
141 2.2863586358635866
142 2.285248524852485
143 2.2866786678667865
144 2.2842684268426843
145 2.285078507850785
146 2.284318431843184
147 2.2804380438043803
148 2.2834683468346832
149 2.2817281728172816
150 2.28013801380138
151 2.2824682468246826
152 2.281888188818882
153 2.282118211821182
154 2.281088108810881
155 2.2810981098109813
156 2.279097909790979
157 2.2793479347934795
158 2.281998199819982
159 2.284978497849785
160 2.2839283928392837
161 2.2815881588158815
162 2.282978297829783
163 2.282138213821382
164 2.2803180318031804
165 2.281828182818282
166 2.283848384838484
167 2.281868186818682
168 2.2817481748174817
169 2.2820882088208823
170 2.281938193819382
171 2.282828282828283
172 2.283678367836784
173 2.2837083708370836
174 2.2825182518251825
175 2.281348134813481
176 2.283098309830983
177 2.2843984398439843
178 2.2854885488548855
179 2.284878487848785
180 2.287218721872187
181 2.2910791079107913
182 2.2905690569056905
183 2.2904490449044905
184 2.2896689668966896
185 2.2883188318831884
186 2.2882488248824884
187 2.2876187618761876
188 2.288928892889289
189 2.2882988298829883
190 2.2895089508950894
191 2.2877687768776878
192 2.289058905890589
193 2.294039403940394
194 2.288698869886989
195 2.29018901890189
196 2.289018901890189
197 2.2895189518951895
198 2.2923392339233923
199 2.2935793579357937
200 2.2912691269126912
201 2.2931893189318933
202 2.2934893489348935
203 2.2936793679367935
204 2.294289428942894
205 2.2945994599459945
206 2.295129512951295
207 2.2953795379537953
208 2.2946994699469947
209 2.2952395239523953
210 2.295869586958696
211 2.293169316931693
212 2.2951895189518954
213 2.2954895489548957
214 2.2960996099609963
215 2.2996699669967
216 2.299169916991699
217 2.297139713971397
218 2.2973697369736974
219 2.297689768976898
220 2.2961596159615962
221 2.296829682968297
222 2.297189718971897
223 2.2967496749674967
224 2.2955995599559955
225 2.2970897089708973
226 2.2973797379737975
227 2.2965596559655967
228 2.296969696969697
229 2.296019601960196
230 2.297029702970297
231 2.296839683968397
232 2.2976197619761978
233 2.2985298529852987
234 2.297919791979198
235 2.298749874987499
236 2.2996699669967
237 2.295849584958496
238 2.295969596959696
239 2.2957495749574957
240 2.2960296029602962
241 2.297819781978198
242 2.2976197619761978
243 2.2964396439643964
244 2.2985598559855984
245 2.2974497449744975
246 2.2983598359835984
247 2.298919891989199
248 2.298169816981698
249 2.2993499349934994
250 2.299899989999
251 2.299099909990999
252 2.298959895989599
253 2.297839783978398
254 2.297899789978998
255 2.2975197519751975
256 2.298759875987599
257 2.2986698669866987
258 2.3015201520152013
259 2.2994599459945992
260 2.2975797579757975
261 2.2984598459845986
262 2.2976597659765976
263 2.3004800480048004
264 2.2993999399939993
265 2.3000300030003
266 2.3023102310231023
267 2.301150115011501
268 2.2995499549954994
269 2.2996599659965997
270 2.298809880988099
271 2.2997599759976
272 2.295349534953495
273 2.2949694969496948
274 2.2954195419541956
275 2.294149414941494
276 2.2944194419441946
277 2.297189718971897
278 2.295949594959496
279 2.293149314931493
280 2.294799479947995
281 2.295199519951995
282 2.2933493349334935
283 2.2953095309530953
284 2.297049704970497
285 2.2986598659865987
286 2.298319831983198
287 2.2969496949694967
288 2.298249824982498
289 2.295219521952195
290 2.2987098709870986
291 2.2999199919991997
292 2.3014401440144012
293 2.3015001500150016
294 2.3007600760076006
295 2.3006500650065007
296 2.3015101510151017
297 2.302010201020102
298 2.302170217021702
299 2.3014001400140014
